{
 "cells": [
  {
   "cell_type": "code",
   "execution_count": 1,
   "metadata": {},
   "outputs": [],
   "source": [
    "import pickle\n",
    "import numpy as np"
   ]
  },
  {
   "cell_type": "code",
   "execution_count": 2,
   "metadata": {},
   "outputs": [],
   "source": [
    "## Code to load the array\n",
    "with open('array.pickle', 'rb') as p:\n",
    "    arr = pickle.load(p)"
   ]
  },
  {
   "cell_type": "markdown",
   "metadata": {},
   "source": [
    "Check that the size of the array (arr) is 1000. Please report if any discrepancy."
   ]
  },
  {
   "cell_type": "markdown",
   "metadata": {},
   "source": [
    "## Task 1: Resize the array to a (20x50) matrix"
   ]
  },
  {
   "cell_type": "code",
   "execution_count": 5,
   "metadata": {},
   "outputs": [
    {
     "name": "stdout",
     "output_type": "stream",
     "text": [
      "(20, 50)\n"
     ]
    }
   ],
   "source": [
    "## BEGIN CODE\n",
    "arr=arr.reshape(20,50)\n",
    "print(arr.shape)\n",
    "## END CODE"
   ]
  },
  {
   "cell_type": "markdown",
   "metadata": {},
   "source": [
    "## Task 2: Find the transpose of this matrix"
   ]
  },
  {
   "cell_type": "code",
   "execution_count": 7,
   "metadata": {},
   "outputs": [
    {
     "name": "stdout",
     "output_type": "stream",
     "text": [
      "(50, 20)\n"
     ]
    }
   ],
   "source": [
    "## BEGIN CODE\n",
    "a=arr.T\n",
    "print(a.shape)\n",
    "## END CODE"
   ]
  },
  {
   "cell_type": "markdown",
   "metadata": {},
   "source": [
    "## Task 3: Find the dot product of the matrices created in Tasks 1 & 2"
   ]
  },
  {
   "cell_type": "code",
   "execution_count": 10,
   "metadata": {},
   "outputs": [
    {
     "name": "stdout",
     "output_type": "stream",
     "text": [
      "(20, 20)\n"
     ]
    }
   ],
   "source": [
    "## BEGIN CODE\n",
    "m=np.dot(arr,a)\n",
    "print(m.shape)\n",
    "## END CODE"
   ]
  },
  {
   "cell_type": "markdown",
   "metadata": {},
   "source": [
    "## Task 4: Find the row-wise sum of the resulting matrix"
   ]
  },
  {
   "cell_type": "code",
   "execution_count": 11,
   "metadata": {},
   "outputs": [
    {
     "data": {
      "text/plain": [
       "array([2365442.27809957, 3002112.3995789 , 2779184.43777157,\n",
       "       2477210.32440039, 2627759.87742664, 2220803.79590608,\n",
       "       2429710.18283941, 2508044.22721641, 2459318.36600334,\n",
       "       2325031.07739166, 2896081.10050922, 2762062.07921721,\n",
       "       2660473.74582437, 2141287.18395127, 2694809.41626161,\n",
       "       2254508.32241154, 2480788.07237605, 2727792.51946167,\n",
       "       2586794.20382212, 2681242.33967484])"
      ]
     },
     "execution_count": 11,
     "metadata": {},
     "output_type": "execute_result"
    }
   ],
   "source": [
    "## BEGIN CODE\n",
    "np.sum(m,axis=1)\n",
    "## END CODE"
   ]
  },
  {
   "cell_type": "markdown",
   "metadata": {},
   "source": [
    "## Task 5: Find the square root of all elements in the resulting matrix"
   ]
  },
  {
   "cell_type": "code",
   "execution_count": 12,
   "metadata": {},
   "outputs": [
    {
     "data": {
      "text/plain": [
       "array([[383.20884233, 368.04955471, 366.7261367 , 335.65330645,\n",
       "        337.14869887, 306.12173484, 348.5346524 , 325.75448559,\n",
       "        329.35460312, 313.00331821, 363.12453706, 350.66770704,\n",
       "        343.12687274, 320.148032  , 365.46226849, 334.57811689,\n",
       "        334.30769974, 356.21945695, 337.73396525, 348.25631728],\n",
       "       [368.04955471, 460.0024396 , 397.05539051, 377.20237834,\n",
       "        387.9302227 , 359.68491431, 384.36051272, 374.26585254,\n",
       "        371.70559781, 366.43674522, 416.18706825, 397.47259819,\n",
       "        387.42302296, 350.81534175, 395.49547099, 355.3684654 ,\n",
       "        384.91045813, 417.47902002, 388.21341093, 393.42228206],\n",
       "       [366.7261367 , 397.05539051, 445.26520526, 374.29163259,\n",
       "        364.77593293, 331.31140457, 364.82317191, 364.40334362,\n",
       "        358.90077213, 346.87540344, 397.35395057, 368.61264245,\n",
       "        389.74709123, 344.82884133, 376.39728353, 343.07571458,\n",
       "        360.13378866, 388.54818747, 378.35382969, 378.24938383],\n",
       "       [335.65330645, 377.20237834, 374.29163259, 396.65699465,\n",
       "        345.03689359, 326.72211047, 349.48371884, 353.53934703,\n",
       "        336.55278894, 329.76198183, 370.66106926, 354.87237161,\n",
       "        338.47056665, 318.70657107, 368.87847759, 329.14887613,\n",
       "        345.36305756, 366.72384408, 358.86911802, 351.39360059],\n",
       "       [337.14869887, 387.9302227 , 364.77593293, 345.03689359,\n",
       "        412.3646707 , 343.5323363 , 336.63486675, 360.06576637,\n",
       "        369.00183405, 348.61065929, 384.26912739, 379.9765076 ,\n",
       "        374.2863361 , 320.45906284, 350.61045931, 347.23129522,\n",
       "        353.60192131, 367.08979062, 372.66071001, 381.80613842],\n",
       "       [306.12173484, 359.68491431, 331.31140457, 326.72211047,\n",
       "        343.5323363 , 367.95345656, 317.93082068, 328.84926231,\n",
       "        339.47599123, 316.78428513, 338.87782074, 345.99318202,\n",
       "        333.97798609, 291.05782008, 344.41135019, 312.89422991,\n",
       "        323.13675796, 346.14194242, 334.95752109, 345.29354641],\n",
       "       [348.5346524 , 384.36051272, 364.82317191, 349.48371884,\n",
       "        336.63486675, 317.93082068, 389.71870199, 340.65431094,\n",
       "        328.82682694, 316.0896456 , 369.05171451, 370.47279211,\n",
       "        344.09895252, 320.74835117, 365.4037082 , 315.01338786,\n",
       "        340.69864052, 355.29904428, 335.97144776, 363.62233392],\n",
       "       [325.75448559, 374.26585254, 364.40334362, 353.53934703,\n",
       "        360.06576637, 328.84926231, 340.65431094, 396.83053126,\n",
       "        349.58041474, 342.32518575, 383.31945395, 369.54226259,\n",
       "        357.63348206, 327.40647892, 370.4409117 , 326.68323031,\n",
       "        336.5564341 , 354.83976587, 344.17602508, 364.95533417],\n",
       "       [329.35460312, 371.70559781, 358.90077213, 336.55278894,\n",
       "        369.00183405, 339.47599123, 328.82682694, 349.58041474,\n",
       "        407.71253179, 337.61045215, 363.22855418, 371.83087725,\n",
       "        358.60933752, 325.72204383, 354.35419283, 315.32903325,\n",
       "        342.48878207, 346.68644419, 345.03452592, 349.6058853 ],\n",
       "       [313.00331821, 366.43674522, 346.87540344, 329.76198183,\n",
       "        348.61065929, 316.78428513, 316.0896456 , 342.32518575,\n",
       "        337.61045215, 393.32713372, 351.47024823, 351.6193661 ,\n",
       "        347.03769221, 320.06763545, 340.94584139, 317.92930081,\n",
       "        337.18209228, 343.97486439, 337.16731965, 350.69835188],\n",
       "       [363.12453706, 416.18706825, 397.35395057, 370.66106926,\n",
       "        384.26912739, 338.87782074, 369.05171451, 383.31945395,\n",
       "        363.22855418, 351.47024823, 438.10848645, 394.71429209,\n",
       "        390.9618286 , 344.79234373, 388.63488808, 368.38922522,\n",
       "        380.90400252, 388.91948202, 380.19443722, 384.07930879],\n",
       "       [350.66770704, 397.47259819, 368.61264245, 354.87237161,\n",
       "        379.9765076 , 345.99318202, 370.47279211, 369.54226259,\n",
       "        371.83087725, 351.6193661 , 394.71429209, 431.55615652,\n",
       "        382.19984676, 341.36543307, 385.50595206, 333.38143257,\n",
       "        361.58106082, 377.12116909, 367.4422575 , 383.56286153],\n",
       "       [343.12687274, 387.42302296, 389.74709123, 338.47056665,\n",
       "        374.2863361 , 333.97798609, 344.09895252, 357.63348206,\n",
       "        358.60933752, 347.03769221, 390.9618286 , 382.19984676,\n",
       "        420.38408216, 329.0212604 , 362.26343305, 340.5128636 ,\n",
       "        356.71112284, 376.1313629 , 382.16421949, 365.16604847],\n",
       "       [320.148032  , 350.81534175, 344.82884133, 318.70657107,\n",
       "        320.45906284, 291.05782008, 320.74835117, 327.40647892,\n",
       "        325.72204383, 320.06763545, 344.79234373, 341.36543307,\n",
       "        329.0212604 , 362.96636121, 337.87209072, 288.84478635,\n",
       "        322.46113075, 321.95617873, 320.57007948, 325.29403471],\n",
       "       [365.46226849, 395.49547099, 376.39728353, 368.87847759,\n",
       "        350.61045931, 344.41135019, 365.4037082 , 370.4409117 ,\n",
       "        354.35419283, 340.94584139, 388.63488808, 385.50595206,\n",
       "        362.26343305, 337.87209072, 422.28817907, 339.60827859,\n",
       "        359.99684705, 378.09559552, 357.77124485, 365.67750656],\n",
       "       [334.57811689, 355.3684654 , 343.07571458, 329.14887613,\n",
       "        347.23129522, 312.89422991, 315.01338786, 326.68323031,\n",
       "        315.32903325, 317.92930081, 368.38922522, 333.38143257,\n",
       "        340.5128636 , 288.84478635, 339.60827859, 372.52251522,\n",
       "        331.34962449, 353.58455855, 331.42539186, 346.84523895],\n",
       "       [334.30769974, 384.91045813, 360.13378866, 345.36305756,\n",
       "        353.60192131, 323.13675796, 340.69864052, 336.5564341 ,\n",
       "        342.48878207, 337.18209228, 380.90400252, 361.58106082,\n",
       "        356.71112284, 322.46113075, 359.99684705, 331.34962449,\n",
       "        400.88797294, 356.70368966, 345.83555186, 357.93383012],\n",
       "       [356.21945695, 417.47902002, 388.54818747, 366.72384408,\n",
       "        367.08979062, 346.14194242, 355.29904428, 354.83976587,\n",
       "        346.68644419, 343.97486439, 388.91948202, 377.12116909,\n",
       "        376.1313629 , 321.95617873, 378.09559552, 353.58455855,\n",
       "        356.70368966, 421.73754513, 382.43704004, 371.45871379],\n",
       "       [337.73396525, 388.21341093, 378.35382969, 358.86911802,\n",
       "        372.66071001, 334.95752109, 335.97144776, 344.17602508,\n",
       "        345.03452592, 337.16731965, 380.19443722, 367.4422575 ,\n",
       "        382.16421949, 320.57007948, 357.77124485, 331.42539186,\n",
       "        345.83555186, 382.43704004, 415.34286357, 361.04733563],\n",
       "       [348.25631728, 393.42228206, 378.24938383, 351.39360059,\n",
       "        381.80613842, 345.29354641, 363.62233392, 364.95533417,\n",
       "        349.6058853 , 350.69835188, 384.07930879, 383.56286153,\n",
       "        365.16604847, 325.29403471, 365.67750656, 346.84523895,\n",
       "        357.93383012, 371.45871379, 361.04733563, 422.75652909]])"
      ]
     },
     "execution_count": 12,
     "metadata": {},
     "output_type": "execute_result"
    }
   ],
   "source": [
    "## BEGIN CODE\n",
    "np.sqrt(m)\n",
    "## END CODE"
   ]
  },
  {
   "cell_type": "markdown",
   "metadata": {},
   "source": [
    "## Task 6: Find the sine value of all elements in the resulting matrix"
   ]
  },
  {
   "cell_type": "code",
   "execution_count": 14,
   "metadata": {},
   "outputs": [
    {
     "data": {
      "text/plain": [
       "array([[-9.99812508e-01,  9.58782809e-01,  3.71447112e-01,\n",
       "        -6.08057276e-01,  1.39301003e-01,  5.07004885e-02,\n",
       "        -4.26651890e-01, -6.68189992e-01,  9.99626239e-01,\n",
       "        -4.88447958e-01,  4.81668025e-01, -3.69888415e-01,\n",
       "         9.88209546e-01, -2.97495470e-01,  8.41262202e-01,\n",
       "         9.59962483e-01,  4.97356656e-01, -2.30544066e-01,\n",
       "        -6.55455922e-01, -9.57478673e-01],\n",
       "       [ 9.58782809e-01, -2.67943181e-01,  9.99952030e-01,\n",
       "        -8.89869693e-01,  9.59829930e-01,  6.36138269e-01,\n",
       "         3.80928133e-01, -6.71873084e-01, -8.12326148e-01,\n",
       "        -8.80367612e-01,  3.51678053e-02,  5.49229898e-02,\n",
       "        -6.64263738e-01,  4.69031564e-01,  8.89412237e-02,\n",
       "         8.44007712e-01, -9.92563075e-01, -5.18485552e-01,\n",
       "         9.20613308e-01,  8.93539497e-01],\n",
       "       [ 3.71447112e-01,  9.99952030e-01,  9.95302384e-01,\n",
       "        -9.26509787e-01,  6.25362264e-01, -5.19821870e-04,\n",
       "        -6.94408390e-01,  8.18366441e-01, -9.69663111e-01,\n",
       "        -4.37772130e-01, -1.54889240e-03,  9.85091656e-01,\n",
       "         4.85673999e-01, -7.09977926e-01,  9.96644594e-01,\n",
       "        -9.23522781e-01, -9.18936738e-01, -4.43071054e-01,\n",
       "         9.71625236e-01, -9.70024315e-01],\n",
       "       [-6.08057276e-01, -8.89869693e-01, -9.26509787e-01,\n",
       "        -4.54552803e-01,  1.94426587e-01,  7.44178820e-01,\n",
       "         3.05399917e-02, -9.72425358e-01,  7.16106872e-01,\n",
       "        -1.23134619e-01,  9.97375992e-01,  4.94290675e-01,\n",
       "         8.45116399e-01, -9.50893732e-02,  4.54114667e-01,\n",
       "        -9.16803572e-01,  9.34463605e-01,  8.81724281e-01,\n",
       "         5.60201685e-01,  3.00176514e-01],\n",
       "       [ 1.39301003e-01,  9.59829930e-01,  6.25362264e-01,\n",
       "         1.94426587e-01,  3.55938170e-01, -5.12466647e-01,\n",
       "        -4.76515387e-01,  1.10261661e-01, -5.27166725e-01,\n",
       "         2.15587545e-02,  9.98565641e-01,  7.38709927e-01,\n",
       "         3.53938704e-01,  9.98230299e-01, -3.10037355e-01,\n",
       "         9.99148154e-01, -8.76650295e-01, -5.31951318e-01,\n",
       "        -9.45803434e-01, -2.52223316e-01],\n",
       "       [ 5.07004885e-02,  6.36138269e-01, -5.19821870e-04,\n",
       "         7.44178820e-01, -5.12466647e-01, -3.24803813e-01,\n",
       "         6.71988812e-01,  9.34407636e-01, -7.86618161e-01,\n",
       "        -3.79421834e-01,  3.88983971e-01, -7.79546160e-01,\n",
       "         8.14563209e-01, -9.99280707e-01, -8.80671428e-01,\n",
       "        -9.75117312e-01, -2.46741980e-01,  1.82649369e-01,\n",
       "        -7.46307370e-01, -8.67620796e-01],\n",
       "       [-4.26651890e-01,  3.80928133e-01, -6.94408390e-01,\n",
       "         3.05399917e-02, -4.76515387e-01,  6.71988812e-01,\n",
       "        -3.61466325e-01,  9.35658946e-01, -2.51117582e-01,\n",
       "        -5.58763584e-01, -9.91448250e-01,  1.88702246e-01,\n",
       "        -5.67613444e-01, -9.80194580e-01,  8.18851598e-01,\n",
       "         5.25959479e-02, -1.71088025e-03,  9.34457703e-01,\n",
       "        -5.73139572e-01, -8.36964484e-01],\n",
       "       [-6.68189992e-01, -6.71873084e-01,  8.18366441e-01,\n",
       "        -9.72425358e-01,  1.10261661e-01,  9.34407636e-01,\n",
       "         9.35658946e-01, -8.42989512e-01, -9.96562599e-01,\n",
       "        -9.15346217e-01,  9.98464084e-01,  3.96060068e-01,\n",
       "         9.27389783e-01, -6.59013333e-01,  9.91411761e-01,\n",
       "         8.96173743e-01, -1.09983192e-01,  5.91177351e-01,\n",
       "         2.41237558e-01,  9.90630244e-01],\n",
       "       [ 9.99626239e-01, -8.12326148e-01, -9.69663111e-01,\n",
       "         7.16106872e-01, -5.27166725e-01, -7.86618161e-01,\n",
       "        -2.51117582e-01, -9.96562599e-01,  9.99919351e-01,\n",
       "        -6.39877652e-01,  6.11132191e-01,  1.49255921e-01,\n",
       "         4.24419185e-01, -1.24010222e-01, -5.45681126e-01,\n",
       "         8.36971317e-01, -7.96168213e-01,  4.24894926e-01,\n",
       "         9.66714176e-01, -5.75199493e-01],\n",
       "       [-4.88447958e-01, -8.80367612e-01, -4.37772130e-01,\n",
       "        -1.23134619e-01,  2.15587545e-02, -3.79421834e-01,\n",
       "        -5.58763584e-01, -9.15346217e-01, -6.39877652e-01,\n",
       "         9.97211921e-01, -6.96610679e-01,  9.32136039e-01,\n",
       "        -8.05282251e-01,  7.85546419e-01, -9.10547395e-01,\n",
       "         9.91232547e-01, -6.18486188e-01,  4.47987964e-02,\n",
       "         1.29314881e-01,  7.68687967e-01],\n",
       "       [ 4.81668025e-01,  3.51678053e-02, -1.54889240e-03,\n",
       "         9.97375992e-01,  9.98565641e-01,  3.88983971e-01,\n",
       "        -9.91448250e-01,  9.98464084e-01,  6.11132191e-01,\n",
       "        -6.96610679e-01,  2.96604440e-01,  9.98122366e-01,\n",
       "         1.02274333e-01, -6.83604545e-01,  9.56213143e-01,\n",
       "         1.01635142e-01,  3.09233043e-01, -1.01822287e-01,\n",
       "         9.49394945e-03,  2.86714456e-01],\n",
       "       [-3.69888415e-01,  5.49229898e-02,  9.85091656e-01,\n",
       "         4.94290675e-01,  7.38709927e-01, -7.79546160e-01,\n",
       "         1.88702246e-01,  3.96060068e-01,  1.49255921e-01,\n",
       "         9.32136039e-01,  9.98122366e-01,  7.31512837e-01,\n",
       "        -8.68585833e-01,  6.72369712e-01, -9.74165681e-01,\n",
       "        -8.52120299e-02,  3.36949764e-01,  4.58888908e-01,\n",
       "         6.64418677e-01, -3.10028073e-01],\n",
       "       [ 9.88209546e-01, -6.64263738e-01,  4.85673999e-01,\n",
       "         8.45116399e-01,  3.53938704e-01,  8.14563209e-01,\n",
       "        -5.67613444e-01,  9.27389783e-01,  4.24419185e-01,\n",
       "        -8.05282251e-01,  1.02274333e-01, -8.68585833e-01,\n",
       "         9.44152265e-01,  9.13357910e-01, -8.64928325e-01,\n",
       "        -7.77939544e-01,  8.92154976e-01,  5.13975914e-01,\n",
       "         1.02114525e-02, -9.74115042e-01],\n",
       "       [-2.97495470e-01,  4.69031564e-01, -7.09977926e-01,\n",
       "        -9.50893732e-02,  9.98230299e-01, -9.99280707e-01,\n",
       "        -9.80194580e-01, -6.59013333e-01, -1.24010222e-01,\n",
       "         7.85546419e-01, -6.83604545e-01,  6.72369712e-01,\n",
       "         9.13357910e-01, -9.49032605e-01, -9.97310381e-01,\n",
       "        -3.44958553e-02,  6.79582776e-01,  8.76518299e-01,\n",
       "        -5.12906986e-01,  8.84425096e-01],\n",
       "       [ 8.41262202e-01,  8.89412237e-02,  9.96644594e-01,\n",
       "         4.54114667e-01, -3.10037355e-01, -8.80671428e-01,\n",
       "         8.18851598e-01,  9.91411761e-01, -5.45681126e-01,\n",
       "        -9.10547395e-01,  9.56213143e-01, -9.74165681e-01,\n",
       "        -8.64928325e-01, -9.97310381e-01, -8.83079686e-01,\n",
       "        -3.58457100e-01,  6.81446638e-01,  9.48111603e-01,\n",
       "        -7.08547639e-01,  9.60584310e-01],\n",
       "       [ 9.59962483e-01,  8.44007712e-01, -9.23522781e-01,\n",
       "        -9.16803572e-01,  9.99148154e-01, -9.75117312e-01,\n",
       "         5.25959479e-02,  8.96173743e-01,  8.36971317e-01,\n",
       "         9.91232547e-01,  1.01635142e-01, -8.52120299e-02,\n",
       "        -7.77939544e-01, -3.44958553e-02, -3.58457100e-01,\n",
       "         5.20928344e-01,  1.92384211e-01, -7.04130012e-01,\n",
       "         1.44322797e-01, -5.74749127e-01],\n",
       "       [ 4.97356656e-01, -9.92563075e-01, -9.18936738e-01,\n",
       "         9.34463605e-01, -8.76650295e-01, -2.46741980e-01,\n",
       "        -1.71088025e-03, -1.09983192e-01, -7.96168213e-01,\n",
       "        -6.18486188e-01,  3.09233043e-01,  3.36949764e-01,\n",
       "         8.92154976e-01,  6.79582776e-01,  6.81446638e-01,\n",
       "         1.92384211e-01, -1.46412174e-01,  1.21547012e-01,\n",
       "         9.74613348e-01,  6.15690760e-01],\n",
       "       [-2.30544066e-01, -5.18485552e-01, -4.43071054e-01,\n",
       "         8.81724281e-01, -5.31951318e-01,  1.82649369e-01,\n",
       "         9.34457703e-01,  5.91177351e-01,  4.24894926e-01,\n",
       "         4.47987964e-02, -1.01822287e-01,  4.58888908e-01,\n",
       "         5.13975914e-01,  8.76518299e-01,  9.48111603e-01,\n",
       "        -7.04130012e-01,  1.21547012e-01, -9.60527422e-01,\n",
       "        -9.46948690e-01,  3.09710354e-01],\n",
       "       [-6.55455922e-01,  9.20613308e-01,  9.71625236e-01,\n",
       "         5.60201685e-01, -9.45803434e-01, -7.46307370e-01,\n",
       "        -5.73139572e-01,  2.41237558e-01,  9.66714176e-01,\n",
       "         1.29314881e-01,  9.49394945e-03,  6.64418677e-01,\n",
       "         1.02114525e-02, -5.12906986e-01, -7.08547639e-01,\n",
       "         1.44322797e-01,  9.74613348e-01, -9.46948690e-01,\n",
       "        -9.91649498e-01, -8.79395661e-01],\n",
       "       [-9.57478673e-01,  8.93539497e-01, -9.70024315e-01,\n",
       "         3.00176514e-01, -2.52223316e-01, -8.67620796e-01,\n",
       "        -8.36964484e-01,  9.90630244e-01, -5.75199493e-01,\n",
       "         7.68687967e-01,  2.86714456e-01, -3.10028073e-01,\n",
       "        -9.74115042e-01,  8.84425096e-01,  9.60584310e-01,\n",
       "        -5.74749127e-01,  6.15690760e-01,  3.09710354e-01,\n",
       "        -8.79395661e-01, -8.51278488e-01]])"
      ]
     },
     "execution_count": 14,
     "metadata": {},
     "output_type": "execute_result"
    }
   ],
   "source": [
    "## BEGIN CODE\n",
    "np.sin(m)\n",
    "## END CODE"
   ]
  },
  {
   "cell_type": "markdown",
   "metadata": {},
   "source": [
    "## Create submission file"
   ]
  },
  {
   "cell_type": "code",
   "execution_count": 15,
   "metadata": {},
   "outputs": [],
   "source": [
    "## Assign the name of the variable containing the final matrix to VARIABLE_NAME variable.\n",
    "\n",
    "VARIABLE_NAME = m\n",
    "with open('submission.pickle', 'wb') as p:\n",
    "    pickle.dump(VARIABLE_NAME, p)"
   ]
  },
  {
   "cell_type": "code",
   "execution_count": null,
   "metadata": {},
   "outputs": [],
   "source": []
  }
 ],
 "metadata": {
  "kernelspec": {
   "display_name": "Python 3",
   "language": "python",
   "name": "python3"
  },
  "language_info": {
   "codemirror_mode": {
    "name": "ipython",
    "version": 3
   },
   "file_extension": ".py",
   "mimetype": "text/x-python",
   "name": "python",
   "nbconvert_exporter": "python",
   "pygments_lexer": "ipython3",
   "version": "3.6.4"
  }
 },
 "nbformat": 4,
 "nbformat_minor": 2
}
